243.1
246.3
250.1
260.3
266.2
272.9
279.5
280.7
275.4
271.7
273.3
271.0
281.2
290.7
308.5
320.3
336.4
344.5
351.8
356.6
360.2
361.4
368.1
381.2
388.5
392.3
391.7
386.5
385.9
386.7
391.6
400.3
413.8
422.2
430.9
437.8
440.5
446.8
452.0
461.3
470.6
472.8
480.3
475.7
468.4
472.8
486.7
500.4
511.1
524.2
525.2
529.3
543.3
542.7
546.0
541.1
545.9
557.4
568.2
581.6
595.2
602.6
609.6
613.1
622.7
631.8
645.0
654.8
671.1
680.8
692.8
698.4
719.2
732.4
750.2
773.1
797.3
807.2
820.8
834.9
846.0
851.1
866.6
883.2
911.1
936.3
952.3
970.1
995.4
1011.4
1032.0
1040.7
1053.5
1070.1
1088.5
1091.5
1137.8
1159.4
1180.3
1193.6
1233.8
1270.1
1293.8
1332.0
1380.7
1417.6
1436.8
1479.1
1494.7
1534.2
1563.4
1603.0
1619.6
1656.4
1713.8
1765.9
1824.5
1856.9
1890.5
1938.4
1992.5
2060.2
2122.4
2168.7
2208.7
2336.6
2398.9
2482.2
2531.6
2595.9
2670.4
2730.7
2796.5
2799.9
2860.0
2993.5
3131.8
3167.3
3261.2
3283.5
3273.8
3331.3
3367.1
3407.8
3480.3
3583.8
3692.3
3796.1
3912.8
4015.0
4087.4
4147.6
4237.0
4302.3
4394.6
4453.1
4516.3
4555.2
4619.6
4669.4
4736.2
4821.5
4900.5
5022.7
5090.6
5207.7
5299.5
5412.7
5527.4
5628.4
5711.6
5763.4
5890.8
5974.7
6029.5
6023.3
6054.9
6143.6
6218.4
6279.3
6380.8
6492.3
6586.5
6697.6
6748.2
6829.6
6904.2
7032.8
7136.3
7269.8
7352.3
7476.7
7545.3
7604.9
7706.5
7799.5
7893.1
8061.5
8159.0
8287.1
8402.1
8551.9
8691.8
8788.3
8889.7
8994.7
9146.5
9325.7
9447.1
9557.0
9712.3
9926.1
10031.0
10278.3
10357.4
10472.3
10508.1
10638.4
10639.5
10701.3
10834.4
10934.8
11037.1
11103.8
11230.1
11370.7
11625.1
11816.8
11988.4
12181.4
12367.7
12562.2
12813.7
12974.1
13205.4
13381.6
13648.9
13799.8
13908.5
14066.4
14233.2
14422.3
14569.7
14685.3
14668.4
14813.0
14843.0
14549.9
14383.9
14340.4
14384.1
14566.5
14681.1
14888.6
15057.7
15230.2
15238.4
15460.9
15587.1
15785.3
15973.9
16121.9
16227.9
16297.3
16475.4
16541.4
16749.3
16999.9
17025.2
17285.6
17569.4
17692.2
17783.6
17998.3
18141.9
18222.8
18281.6
18437.6
